Pueblo Dam
TREX Test Run & PMF snow
Full TREX Routing
3100100021
2,1,.01,0
4880.49,4960,4864
3,Top of Dam
3,Embankment "wings"
2.67,0,4925.25,1200.5,0,0,0,0
2.62,0,4925.00,8480.00,0,0,0,0
0.5	5527
1	5557
1.5	5587
2	5617
2.5	5647
3	5677
3.5	5707
4	5737
4.5	5766
5	5796
5.5	5825
6	5855
6.5	5884
7	5913
7.5	5941
8	5970
8.5	5999
9	6027
9.5	6056
10	6084
10.5	6112
11	6140
11.5	6167
12	6195
12.5	6222
13	6249
13.5	6276
14	6303
14.5	6330
15	6357
15.5	6383
16	6409
16.5	6435
17	6461
17.5	6487
18	6512
18.5	6537
19	6562
19.5	6587
20	6612
20.5	6636
21	6661
21.5	6685
22	6708
22.5	6732
23	6755
23.5	6778
24	6801
24.5	6824
25	6846
25.5	6869
26	6890
26.5	6912
27	6934
27.5	6955
28	6976
28.5	6997
29	7017
29.5	7038
30	7058
30.5	7078
31	7098
31.5	7117
32	7137
32.5	7156
33	7175
33.5	7195
34	7214
34.5	7233
35	7251
35.5	7270
36	7289
36.5	7307
37	7326
37.5	7344
38	7363
38.5	7381
39	7399
39.5	7418
40	7436
40.5	7454
41	7473
41.5	7491
42	7509
42.5	7528
43	7546
43.5	7565
44	7583
44.5	7602
45	7620
45.5	7639
46	7658
46.5	7677
47	7696
47.5	7715
48	7734
48.5	7754
49	7773
49.5	7794
50	7815
50.5	7838
51	7860
51.5	7883
52	7907
52.5	7931
53	7956
53.5	7981
54	8006
54.5	8032
55	8058
55.5	8084
56	8110
56.5	8136
57	8162
57.5	8196.8
58	8271.21
58.5	8358.66
59	8454.15
59.5	8571.99
60	8803.87
60.5	9272.96
61	9994.64
61.5	11155.18
62	13953.13
62.5	28786.73
63	88628.79
63.5	116118.65
64	132027.8
64.5	145069.84
65	157480.94
65.5	169858.18
66	181684.77
66.5	191824
67	200558.53
67.5	208840.74
68	217525.16
68.5	226755.66
69	235944.37
69.5	244361.88
70	251544.84
70.5	257282.3
71	261372.39
71.5	263703.79
72	264358.68
72.5	263764.85
73	262571.07
73.5	261255.19
74	259951.12
74.5	258676.87
75	257456.88
75.5	256170.74
76	254488.57
76.5	252286.21
77	249947.01
77.5	246886.55
78	242823.73
78.5	238077.05
79	232850.48
79.5	227225.69
80	221253.9
80.5	215005.49
81	208539.76
81.5	201827.89
82	194969.92
82.5	188079.77
83	181198.14
83.5	174333.93
84	167475.54
84.5	160622.33
85	153781.89
85.5	146984.9
86	140247.41
86.5	133595.14
87	127101.12
87.5	120854.15
88	114888.56
88.5	109221.36
89	103876.85
89.5	98833.25
90	94093.14
90.5	89653.71
91	85460.21
91.5	81492.79
92	77723.21
92.5	74174.16
93	70534.12
93.5	66920.3
94	63356.91
94.5	59959.43
95	56758.53
95.5	53756.99
96	50971.03
96.5	48398.29
97	45996.14
97.5	43763.94
98	41762.63
98.5	39904.22
99	38219.07
99.5	36607.74
100	35115.84
100.5	33729.29
101	32420.89
101.5	31271.46
102	30095.38
102.5	29035.09
103	28048.3
103.5	27104.66
104	26228.21
104.5	25403.34
105	24684.28
105.5	23976.7
106	23294.75
106.5	22649.73
107	22053.6
107.5	21498.07
108	20997.22
108.5	20538.09
109	20082
109.5	19632.93
110	19198.23
110.5	18783.8
111	18395.2
111.5	18030.61
112	17697.74
112.5	17395.03
113	17098.36
113.5	16800.82
114	16541.23
114.5	16295.6
115	16052.57
115.5	15809.01
116	15568.73
116.5	15335.93
117	15121.37
117.5	14934.72
118	14757.11
118.5	14581.72
119	14408.77
119.5	14253.25
120	14097.83
120.5	13945.54
121	13800.12
121.5	13667.72
122	13535.69
122.5	13403.85
123	13274.63
123.5	13155.64
124	13040.46
124.5	12927.04
125	12815.8
125.5	12710.7
126	12612.26
126.5	12516.67
127	12423.8
127.5	12331.48
128	12242.31
128.5	12155.98
129	8502
129.5	8497
130	8492
130.5	8486
131	8480
131.5	8474
132	8469
132.5	8462
133	8456
133.5	8450
134	8444
134.5	8438
135	8431
135.5	8425
136	8418
136.5	8412
137	8406
137.5	8399
138	8393
138.5	8386
139	8380
139.5	8374
140	8367
140.5	8361
141	8355
141.5	8349
142	8343
142.5	8337
143	8332
143.5	8326
144	8321
144.5	8315
145	8310
145.5	8305
146	8300
146.5	8295
147	8290
147.5	8285
148	8280
148.5	8274
149	8269
149.5	8264
150	8259
150.5	8254
151	8249
151.5	8244
152	8239
152.5	8234
153	8229
153.5	8224
154	8219
154.5	8214
155	8209
155.5	8204
156	8199
156.5	8194
157	8189
157.5	8183
158	8178
158.5	8173
159	8168
159.5	8163
160	8157
160.5	8152
161	8147
161.5	8141
162	8136
162.5	8130
163	8125
163.5	8119
164	8113
164.5	8108
165	8102
165.5	8096
166	8090
166.5	8084
167	8078
167.5	8072
168	8066
168.5	8060
169	8054
169.5	8047
170	8040
170.5	8032
171	8024
171.5	8016
172	8008
172.5	7999
173	7990
173.5	7981
174	7972
174.5	7962
175	7953
175.5	7943
176	7933
176.5	7923
177	7913
177.5	7903
178	7893
178.5	7883
179	7873
179.5	7864
180	7854
180.5	7844
181	7834
181.5	7825
182	7816
182.5	7807
183	7798
183.5	7789
184	7781
184.5	7773
185	7765
185.5	7758
186	7751
186.5	7744
187	7738
187.5	7732
188	7727
188.5	7722
189	7718
189.5	7714
190	7710
190.5	7708
191	7705
191.5	7704
192	7703
192.5	7703
193	7703
193.5	7703
194	7703
194.5	7703
195	7703
195.5	7703
196	7703
196.5	7703
197	7703
197.5	7703
198	7703
198.5	7703
199	7703
199.5	7703
200	7703
200.5	7703
201	7703
201.5	7703
202	7703
202.5	7703
203	7703
203.5	7703
204	7703
204.5	7703
205	7703
205.5	7703
206	7703
206.5	7703
207	7703
207.5	7703
208	7703
208.5	7703
209	7703
209.5	7703
210	7703
210.5	7703
211	7703
211.5	7703
212	7703
212.5	7703
213	7703
213.5	7703
214	7703
214.5	7703
215	7703
215.5	7703
216	7703
216.5	7703
217	7702
217.5	7702
218	7700
218.5	7699
219	7697
219.5	7694
220	7692
220.5	7688
221	7685
221.5	7681
222	7677
222.5	7672
223	7667
223.5	7662
224	7656
224.5	7650
225	7644
225.5	7638
226	7631
226.5	7624
227	7617
227.5	7610
228	7603
228.5	7595
229	7587
229.5	7579
230	7571
230.5	7562
231	7554
231.5	7545
232	7537
232.5	7528
233	7519
233.5	7510
234	7501
234.5	7492
235	7483
235.5	7474
236	7465
236.5	7456
237	7447
237.5	7438
238	7429
238.5	7420
239	7412
239.5	7403
240	7394
240.5	7386
241	7377
241.5	7367
242	7357
242.5	7346
243	7335
243.5	7323
244	7310
244.5	7297
245	7284
245.5	7270
246	7256
246.5	7241
247	7226
247.5	7211
248	7196
248.5	7180
249	7164
249.5	7149
250	7133
250.5	7117
251	7101
251.5	7085
252	7070
252.5	7054
253	7039
253.5	7024
254	7009
254.5	6994
255	6980
255.5	6966
256	6953
256.5	6940
257	6927
257.5	6915
258	6904
258.5	6893
259	6883
259.5	6873
260	6864
260.5	6856
261	6849
261.5	6843
262	6837
262.5	6832
263	6829
263.5	6826
264	6825
264.5	6824
265	6824
265.5	6824
266	6825
266.5	6825
267	6826
267.5	6827
268	6828
268.5	6829
269	6830
269.5	6831
270	6832
270.5	6834
271	6835
271.5	6837
272	6838
272.5	6840
273	6842
273.5	6843
274	6845
274.5	6847
275	6849
275.5	6851
276	6853
276.5	6855
277	6857
277.5	6858
278	6860
278.5	6862
279	6864
279.5	6866
280	6868
280.5	6869
281	6871
281.5	6873
282	6874
282.5	6876
283	6877
283.5	6878
284	6880
284.5	6881
285	6882
285.5	6883
286	6883
286.5	6884
287	6885
287.5	6885
288	6885
288.5	6885
289	6885
289.5	6884
290	6883
290.5	6881
291	6879
291.5	6876
292	6873
292.5	6870
293	6866
293.5	6862
294	6857
294.5	6852
295	6847
295.5	6842
296	6836
296.5	6830
297	6824
297.5	6817
298	6811
298.5	6804
299	6797
299.5	6790
300	6783
300.5	6776
301	6769
301.5	6761
302	6754
302.5	6747
303	6739
303.5	6732
304	6725
304.5	6718
305	6711
305.5	6704
306	6697
306.5	6690
307	6684
307.5	6678
308	6672
308.5	6666
309	6660
309.5	6655
310	6650
310.5	6645
311	6641
311.5	6637
312	6633
312.5	6630
313	6627
313.5	6624
314	6621
314.5	6619
315	6616
315.5	6614
316	6611
316.5	6609
317	6607
317.5	6604
318	6602
318.5	6600
319	6598
319.5	6596
320	6594
320.5	6593
321	6591
321.5	6589
322	6587
322.5	6586
323	6584
323.5	6582
324	6580
324.5	6579
325	6577
325.5	6575
326	6574
326.5	6572
327	6570
327.5	6569
328	6567
328.5	6565
329	6563
329.5	6561
330	6559
330.5	6557
331	6555
331.5	6553
332	6551
332.5	6549
333	6546
333.5	6544
334	6542
334.5	6539
335	6536
335.5	6534
336	6531
336.5	6528
337	6525
337.5	6521
338	6518
338.5	6514
339	6511
339.5	6507
340	6503
340.5	6499
341	6495
341.5	6491
342	6486
342.5	6482
343	6477
343.5	6473
344	6468
344.5	6463
345	6458
345.5	6453
346	6448
346.5	6443
347	6437
347.5	6432
348	6427
348.5	6421
349	6415
349.5	6410
350	6404
350.5	6398
351	6392
351.5	6386
352	6380
352.5	6374
353	6368
353.5	6362
354	6356
354.5	6350
355	6343
355.5	6337
356	6331
356.5	6324
357	6318
357.5	6311
358	6305
358.5	6298
359	6292
359.5	6285
360	6279
9999 9999
4753.20	0
4754.00	5
4760.00	853
4770.00	5056
4780.00	11677
4790.00	20701
4800.00	32214
4810.00	46676
4820.00	64861
4830.00	86629
4840.00	112286
4850.00	141401
4860.00	174439
4870.00	212059
4880.00	254696
4890.00	303066
4900.00	357369
4910.00	418864
4920.00	488871
4924.00	519654
4924.50	523636
4925.00	527626
4925.50	531626
4926.00	535626
4930.00	569747
4935.00	604527
9999 9999
4880.49	5000
4890.00	5000
4898.70	5000
4900.00	5000
4902.00	10000
4904.00	22500
4906.00	37500
4908.00	56000
4910.00	77000
4912.00	100000
4914.00	125000
4916.00	153000
4920.00	212000
4924.00	270000
4928.00	328000
4930.00	357000
4935.00	429500
9999 9999